66.0738801, -23.1201949
65.5931114, -23.9779694
66.1505498, -18.9078647
65.75036, -19.6506449
65.3055246, -18.8724355
65.96387969999999, -18.5478204
65.6877428, -18.1049376
65.6891344, -18.0974395
65.6776807, -18.1206954
65.68218809999999, -18.0910911
65.2826249, -14.4251129
65.072509, -22.7332869
64.3225655, -22.0609938
63.9875989, -22.5497483
63.9728714, -22.545423
64.0044645, -22.5736632
64.151078, -21.98601889999999
64.1520441, -21.9505714
64.14415199999999, -21.9608872
64.1468474, -21.93750169999999
64.1479961, -21.9274066
64.1498836, -21.9430156
64.14395329999999, -21.9508883
64.1485704, -21.8844215
64.1440995, -21.9392867
64.1440082, -21.9260257
64.145055, -21.9263179
64.1372475, -21.9504077
64.1400941, -21.9016585
64.130757, -21.9008067
64.1431546, -21.9146256
64.1284419, -21.8874286
64.138261, -21.9100631
64.13032249999999, -21.895216
64.1326882, -21.8833433
64.14315599999999, -21.9143621
64.0907388, -21.9261004
64.1017715, -21.8850376
64.09782899999999, -21.885932
64.09879699999999, -21.8766565
64.1221225, -21.8750579
64.1120888, -21.9043241
64.09816239999999, -21.9088469
64.1134652, -21.9027929
64.1141871, -21.8898329
64.104078, -21.8778529
64.1046006, -21.8755066
64.114209, -21.8942329
64.1295676, -21.8693134
64.1251053, -21.8142938
64.1422571, -21.8473698
64.13753489999999, -21.8597298
64.13378329999999, -21.868134
64.1336105, -21.874262
64.1295322, -21.8646066
64.1262979, -21.8216891
64.15078799999999, -21.7881649
64.150809, -21.7880559
64.10838439999999, -21.832288
64.1085989, -21.8434499
64.10514549999999, -21.8154843
64.09591979999999, -21.8049722
64.096226, -21.802807
64.05250029999999, -21.9795486
64.06936929999999, -21.959755
64.07642059999999, -21.9414455
64.0794145, -21.942242
64.0682094, -21.9568091
64.8642502, -19.2480507
64.0035477, -21.1977519
64.1654537, -21.6971934
63.9954115, -21.1896335
64.1690836, -21.6680485
63.93736969999999, -20.9930234
63.93843659999999, -20.97553599999999
63.83467950000001, -20.4008976
63.4404097, -20.2767692
63.4428686, -20.26962
63.41936630000001, -18.9936006
65.0323392, -14.2183755
63.88149259999999, -16.6458221
66.07237239999999, -23.1194973
66.07216389999999, -23.1191033
66.021791, -23.401936
66.060385, -23.1744314
66.0732914, -23.1202959
66.0734583, -23.1213217
66.0471234, -23.5111159
66.03049, -22.991697
66.0737857, -23.1201247
66.060401, -23.174223
66.0682152, -23.1227554
65.5982829, -24.0010911
65.62690049999999, -23.8256748
65.5915887, -23.9770412
65.877042, -23.4898769
65.6855082, -23.6008619
66.1544071, -18.9071113
65.7068488, -21.6672203
65.7065585, -21.665547
65.7008202, -21.6856741
65.3958347, -20.9468017
65.3954096, -20.945705
65.3478873, -20.8065606
65.65992, -20.277427
65.55308099999999, -19.4460557
65.65982919999999, -20.2846151
65.7525462, -19.6517441
65.6104596, -19.5035302
65.659778, -20.2870971
65.6593, -20.2843449
65.7517939, -19.6521699
65.7422683, -19.6448934
65.9695511, -18.5268212
65.9720419, -18.5323194
65.9468314, -18.1813457
65.919913, -18.5435176
66.0733882, -18.6450139
65.97626050000001, -18.5308135
65.9953605, -18.3837407
66.04526899999999, -17.3417127
66.0467226, -17.3449815
66.04641889999999, -17.3398669
65.97817549999999, -18.3770126
66.0465018, -17.3443757
66.04530129999999, -17.341624
66.0393359, -17.343087
66.046885, -17.344575
65.68379569999999, -18.0911314
65.6872971, -18.1034917
65.6819271, -18.0917902
65.6920561, -18.1088346
65.68129499999999, -18.0895059
65.672266, -18.086847
65.6775, -18.1188889
65.68374399999999, -18.0948251
65.6827149, -18.090552
65.6823746, -18.0901748
65.687252, -18.1032928
65.6811817, -18.0884701
65.68034999999999, -18.0919301
65.6911458, -18.1062413
65.6812565, -18.0885457
65.52248999999999, -18.1741921
65.6844444, -18.0933333
65.6967477, -18.1313872
65.6826846, -18.0921368
65.682604, -18.092035
65.685814, -17.5393054
65.648021, -18.089307
65.60328799999999, -18.0329419
65.56675229999999, -18.0644547
65.28144019999999, -14.4250164
65.2605061, -14.4066396
65.2611069, -14.0049076
65.2633711, -14.4051475
65.260309, -14.0097661
65.52564, -13.8052984
65.2613605, -14.4048946
65.26039469999999, -14.0101634
65.258639, -14.4067191
65.26283649999999, -14.4135582
65.2542994, -14.4149967
65.26141, -14.3992275
65.2608346, -14.3976266
65.26031499999999, -14.0095851
65.2604873, -14.007697
65.2603975, -14.0101647
65.1473087, -13.6926667
65.1475372, -13.6878977
64.89428699999999, -23.7084801
64.91542410000001, -23.8826743
64.91317599999999, -23.892323
64.898, -23.705
64.897395, -23.709313
64.92462789999999, -23.2606698
64.9252739, -23.260155
64.99791619999999, -22.9634079
64.925986, -23.256324
64.7518006, -23.6455112
64.849338, -22.734661
65.0719276, -22.7329344
65.07378419999999, -22.7290252
65.07750159999999, -22.7234818
65.07014939999999, -22.7349614
65.0763705, -22.7254044
65.0721556, -22.7254058
64.99984359999999, -21.624956
65.1074079, -21.762236
65.1107096, -21.7714359
65.1080036, -21.7629014
64.541062, -21.9091846
64.53704499999999, -21.9253689
64.5637746, -21.7661882
64.5359673, -21.9226444
64.3247227, -22.0674658
63.96901879999999, -22.5829303
64.0009043, -22.5478719
63.9996562, -22.5764929
63.9730359, -22.5454312
64.0062645, -22.5652601
64.07029899999999, -22.6501846
64.003739, -22.5550441
63.99314499999999, -22.5501949
63.9960166, -22.6241165
64.0033136, -22.5567073
63.98591570000001, -22.5452438
63.9759703, -22.5289806
63.9989868, -22.5452908
64.149721, -21.941849
64.15098499999999, -21.9435389
64.16548039999999, -21.69678
64.1446352, -21.9299199
64.1467499, -21.9375215
64.1441667, -21.9183332
64.14425299999999, -21.9303374
65.1084461, -21.7623888
64.2794408, -21.088624
64.2147063, -20.730172
64.30938809999999, -20.3021621
63.9954115, -21.1894343
63.9994469, -21.1894413
63.93782979999999, -21.0018048
63.9370544, -20.9954622
63.9373798, -21.0052818
63.93833410000001, -20.9733296
63.93754380000001, -21.0005278
63.93689149999999, -20.9900444
63.9980517, -21.1897303
63.9369093, -21.005061
63.93675, -21.0054959
63.9975944, -21.1890779
64.0659591, -20.6440075
64.1770645, -20.451956
63.94252109999999, -20.8150338
64.0666667, -20.6408333
64.1312903, -20.3206171
64.1297821, -20.3353338
64.138525, -20.3235024
64.0413197, -20.2510317
63.846386, -22.4390357
63.8450575, -22.4343799
63.84444440000001, -22.4344444
63.9744042, -22.488534
63.85777779999999, -21.3794444
63.8565345, -21.3842802
63.878479, -21.224452
63.8371176, -21.0651435
63.749374, -20.2322159
63.8347447, -20.4012288
63.7499974, -20.2327776
63.7497325, -20.2326717
63.93322799999999, -21.0136542
63.8347447, -20.4012288
63.751758, -20.235246
63.44247660000001, -20.2712098
63.4419256, -20.2693643
63.4419045, -20.2707738
63.4423136, -20.2722773
63.4418184, -20.2686531
63.44143279999999, -20.2761812
63.4412142, -20.2690106
63.42771699999999, -20.2673821
63.8345945, -20.4006672
63.83445399999999, -20.397518
63.5228751, -19.5666246
63.469728, -19.4497338
63.52702410000001, -19.5091709
63.5245924, -19.5063695
63.41734520000001, -19.0001122
63.4175401, -19.000315
63.4190565, -19.0079143
63.4175768, -19.01366
63.41726000000001, -19.010593
63.4181452, -18.9940151
63.41781229999999, -19.0010154
63.898891, -16.6114129
64.048399, -16.179443
65.041417, -14.9532721
64.9298374, -14.0116746
65.0320856, -14.2197437
64.93169089999999, -14.0225992
65.0950187, -14.2242386
64.92623499999999, -14.0009426
64.2994677, -15.4184616
64.252561, -15.2127278
64.2530501, -15.21074
64.26373699999999, -15.2068167
64.2548376, -15.2087932
64.2524888, -15.2120787
64.2549681, -14.9933446
65.5970844, -24.0031646
65.59163389999999, -23.9744547
65.5910107, -23.976156
65.3760205, -22.9182959
66.15013139999999, -18.9110662
66.14840389999999, -18.9106591
65.8968964, -19.4131161
66.1269386, -18.965843
65.1499635, -20.6843298
65.75135829999999, -19.6512037
65.7505116, -19.6508287
65.7329665, -19.1132432
66.45375729999999, -15.9506457
66.0484712, -17.3531904
66.0486828, -17.3447789
66.0482028, -17.3442282
66.3002697, -16.4478823
65.680644, -18.0896439
65.6806544, -18.0896167
65.6824291, -18.0906019
65.6814655, -18.0899051
65.6791746, -18.1002485
65.6801241, -18.0918519
65.6800959, -18.0918235
65.6818488, -18.0904314
65.68125859999999, -18.0896543
65.68174499999999, -18.08916
65.5734189, -17.0915277
65.623741, -16.9180153
66.2020963, -15.3389448
66.246431, -15.1493739
65.2625018, -14.393874
65.2589574, -14.3909904
65.26118509999999, -14.0023112
65.276536, -13.9441151
65.1473238, -13.6837097
65.1475804, -13.6909764
64.9222327, -23.8194484
64.8922616, -23.6940433
65.0775013, -22.7263573
64.5434171, -21.91270159999999
64.5649002, -21.7645964
64.32079809999999, -22.0720568
64.32085649999999, -22.0722108
64.3139679, -22.09232129999999
64.0024949, -22.5530843
64.002414, -22.5536058
63.99589769999999, -22.622877
64.00650379999999, -22.5625822
64.0031146, -22.5546554
64.15042079999999, -21.9848899
64.1561285, -21.9389609
64.1545529, -21.9440801
64.15368269999999, -21.94843689999999
64.153251, -21.9487861
64.1440418, -21.9611658
64.15022019999999, -21.9503709
64.151062, -21.9460571
64.1509295, -21.9455579
64.1498965, -21.9430297
64.14861619999999, -21.941842
64.1488639, -21.9408701
64.1488085, -21.9421842
64.1475474, -21.9415792
64.1484945, -21.9412605
64.14863319999999, -21.9408986
64.150402, -21.9338501
64.14864, -21.939839
64.1487171, -21.940199
64.14819, -21.940497
64.14797899999999, -21.94029
64.1476368, -21.93924699999999
64.1477377, -21.9400835
64.1473827, -21.9377159
64.1478468, -21.9394759
64.1479088, -21.9397225
64.1487171, -21.940199
64.1487904, -21.9371476
64.1481245, -21.9380187
64.14784039999999, -21.9394434
64.1480337, -21.9406413
64.1476559, -21.9393962
64.1470956, -21.9331688
64.147083, -21.9328134
64.14542399999999, -21.919484
64.1449824, -21.9180932
64.14439209999999, -21.9095837
64.144534, -21.909434
64.1464271, -21.9267143
64.1453302, -21.90718
64.1487563, -21.8851701
64.1411072, -21.9535294
64.1398916, -21.9499914
64.14583329999999, -21.94
64.1460551, -21.9437963
64.1464221, -21.939819
64.1469752, -21.9388168
64.1466363, -21.9376429
64.14665649999999, -21.9376725
64.1466603, -21.9376306
64.1467782, -21.9337479
64.1459431, -21.9312948
64.1463417, -21.933824
64.14666799999999, -21.9308834
64.1469123, -21.933083
64.146063, -21.93119699999999
64.1463589, -21.9333
64.1463215, -21.9327534
64.1463393, -21.9340204
64.146306, -21.9324426
64.14675799999999, -21.933837
64.1458052, -21.9325019
64.146853, -21.9341631
64.14695700000001, -21.9335791
64.1469655, -21.9334944
64.1468462, -21.9343516
64.145901, -21.9317964
64.1466836, -21.9316521
64.1461686, -21.930943
64.1455536, -21.9310399
64.1456747, -21.93058749999999
64.1457027, -21.92959879999999
64.1448554, -21.9307708
64.1409008, -21.9284426
64.14613489999999, -21.9287967
64.14562819999999, -21.9291652
64.14558579999999, -21.929175
64.14544099999999, -21.929057
64.1452778, -21.9297222
64.145265, -21.9275039
64.1462566, -21.9287029
64.146126, -21.928798
64.1465808, -21.9292276
64.14560759999999, -21.9283451
64.1458316, -21.929414
64.1454869, -21.9246724
64.1445952, -21.9225856
64.1447373, -21.9238617
64.143, -21.928647
64.143738, -21.9195229
64.1443085, -21.9223608
64.1444825, -21.9216997
64.14385899999999, -21.920208
64.1431762, -21.91415109999999
64.1402884, -21.8964722
64.1415761, -21.9023826
64.1397192, -21.8888702
64.1307858, -21.894094
64.1295891, -21.8970094
64.13422100000001, -21.8883336
64.0975775, -21.8894016
64.122056, -21.9302719
64.1142357, -21.8960954
64.1142298, -21.8959194
64.08778889999999, -21.9296712
64.0811088, -21.9408171
64.14655789999999, -21.874748
64.12880059999999, -21.86615119999999
64.12886089999999, -21.8661274
64.1341056, -21.8684583
64.12957709999999, -21.8645166
64.1262979, -21.8216891
64.1442921, -21.7725257
64.1090899, -21.8169846
64.109893, -21.8585881
64.0974331, -21.826178
64.1170558, -21.7989927
64.1170556, -21.7988968
64.11897929999999, -21.8013522
64.053955, -21.97084
64.07572429999999, -21.9470254
64.0774479, -21.9497056
64.0696439, -21.9579231
64.0755763, -21.9460096
64.66447819999999, -21.4111857
64.963051, -19.02083499999999
64.963051, -19.02083499999999
64.5311461, -19.2959692
64.0494911, -21.5366941
63.9615361, -21.1296648
63.94788999999999, -21.010677
63.9331283, -20.9765664
63.96246249999999, -20.7718112
63.88139169999999, -22.4296278
63.86480249999999, -21.1552374
63.864978, -21.155286
63.74597799999999, -20.227532
63.750395, -20.2253269
63.4335005, -20.2715003
63.4415724, -20.2689998
63.44074029999999, -20.266243
63.4379633, -20.2778736
63.661568, -20.178988
63.527338, -19.511725
63.54524739999999, -19.7297533
63.4181322, -18.9936025
65.0318562, -14.222854
64.7920694, -14.0086181
64.7048303, -14.2585493
64.2802981, -15.4856806
64.2508368, -15.2020301
64.2528568, -15.2107184
63.7863297, -18.0601877
66.07502749999999, -23.1232981
66.0487957, -23.5126188
66.0709569, -23.1214629
66.0736964, -23.1212954
66.1530693, -23.2486801
65.9288871, -23.5862443
66.0744875, -23.1215849
65.5967704, -23.9902408
65.7064127, -21.6644582
65.3761384, -22.9183213
65.4515717, -22.2017691
66.1485138, -18.9075342
66.14933429999999, -18.9090056
66.14938479999999, -18.9095557
66.1507993, -18.9093891
66.1495683, -18.9028987
65.898929, -19.416435
66.004531, -19.4035721
65.6243628, -20.8250167
65.6597666, -20.3014301
65.660084, -20.2773023
65.660281, -20.3010914
65.8237467, -20.3061789
65.3954385, -20.9475357
65.381232, -20.6450699
65.3182212, -20.8863709
65.752447, -19.6516207
65.7511433, -19.6504865
65.75044679999999, -19.6502273
65.733563, -19.11334
65.7524219, -19.6509495
66.4542311, -15.9500563
66.4574964, -15.9495591
66.4574963, -15.949559
66.1514986, -18.9079105
65.9235107, -18.302543
65.945077, -18.361904
65.9720892, -18.5298666
65.9721651, -18.5312578
65.9696386, -18.5270853
66.069469, -18.654923
65.96718349999999, -18.529338
66.0725399, -18.6508875
65.9676132, -18.5323987
65.9232621, -18.3056993
66.044265, -17.3386139
66.045958, -17.338695
66.0467683, -17.3436681
66.0487626, -17.344231
66.0391897, -17.343033
66.048585, -17.3541709
66.3004849, -16.4477026
66.0460705, -17.3442699
65.83870070000002, -17.3344519
65.9117195, -17.4054933
65.6855377, -18.081178
65.6819269, -18.0897565
65.681452, -18.089802
65.6807074, -18.0906092
65.680875, -18.0891333
65.6836653, -18.0900031
65.6906371, -18.0942888
65.7716149, -18.072821
65.7338371, -18.164737
65.68715, -18.0948249
65.6891279, -18.1008425
65.6880316, -18.0982724
65.6844716, -18.0907751
65.688076, -18.1023354
65.72102699999999, -17.37259
65.71296, -17.731413
65.6790907, -18.1094114
65.6907117, -18.1079029
65.6876774, -18.1015204
65.6823704, -18.0909487
65.6795111, -18.1085925
65.681922, -18.0912557
65.683818, -18.089631
65.6834203, -18.0873808
65.68093499999999, -18.0897209
65.68058719999999, -18.09092
65.6824053, -18.0907962
65.6790328, -18.1002117
65.68195399999999, -18.089397
65.67316939999999, -18.0859944
65.66948769999999, -18.080836
65.68240949999999, -18.0903414
65.6450223, -16.9138384
65.5673369, -17.0369601
65.6451448, -16.9148137
65.5736292, -17.091408
65.56887, -17.0393229
65.5621707, -17.23862
65.5653452, -17.0270784
66.1972237, -15.3368473
66.197351, -15.3363659
66.1973685, -15.3369668
66.21820029999999, -15.3344892
65.52730199999999, -13.8173957
65.755825, -14.8256555
65.753545, -14.8263039
65.52782309999999, -13.8160553
65.5274131, -13.8175315
65.75373259999999, -14.8265433
65.6326894, -14.2761433
65.758028, -14.8212029
65.5279535, -13.816123
65.26207959999999, -14.4149264
65.2618091, -14.4055492
65.2626619, -14.3938808
65.25662120000001, -14.4124355
65.2611718, -14.4050996
65.258951, -14.3908063
65.19596299999999, -14.544535
65.263127, -14.405415
65.3030236, -14.4457106
65.2746781, -14.4062971
65.2598019, -14.406274
65.2603113, -14.0095143
65.2615631, -13.9978479
65.2629248, -14.0030416
65.263032, -14.0033319
65.2622772, -13.9980488
65.1475444, -13.6947739
65.14747849999999, -13.6937143
64.8952125, -23.706819
64.8954619, -23.7086449
64.9242232, -23.2670781
64.92778849999999, -23.2616723
64.980103, -23.2153879
64.8394229, -23.2226148
64.76656609999999, -23.6301923
64.766426, -23.6303825
64.813968, -23.1420131
65.07768469999999, -22.7256386
65.0748838, -22.7275585
65.07703169999999, -22.725148
64.84264689999999, -23.2074673
65.109884, -21.7653864
64.5436388, -21.9120796
64.535658, -21.923561
64.5369202, -21.9216849
64.76648899999999, -21.5523579
64.00060700000002, -22.5502961
64.0042661, -22.5555999
64.0003619, -22.5469599
64.1509452, -21.9441552
64.149089, -21.9308789
64.1465372, -21.933573
64.1466095, -21.9304706
64.144036, -21.9315235
64.1455192, -21.9295745
64.1440168, -21.9213446
64.1427286, -21.9133395
64.139832, -21.888804
64.0940553, -21.8087022
64.1340791, -21.7982618
64.6833645, -19.3008326
64.1235746, -21.8261558
63.9190583, -20.9285259
64.1423729, -20.3234061
63.93367019999999, -21.0122278
63.93780959999999, -21.0032981
64.1314816, -20.3234592
64.200587, -19.25105
64.1971508, -19.284911
64.31012489999999, -20.2995493
64.1377583, -20.3098289
64.0424042, -20.2514589
64.13015399999999, -20.318182
63.83861419999999, -22.4361812
63.8448868, -22.4319649
63.8397021, -22.4338274
63.8587212, -21.3792832
63.83155189999999, -20.3976453
63.9369787, -20.9865414
63.750545, -20.2271169
63.442887, -20.2761441
63.4404842, -20.267618
63.443572, -20.2715351
63.4420636, -20.2688386
63.44062719999999, -20.2682408
63.441805, -20.276794
63.69093900000001, -19.541434
63.78050440000001, -20.3011261
63.5427216, -19.6993627
63.8349649, -20.4015535
63.69070699999999, -19.541759
63.69103560000001, -19.5404988
63.5271669, -19.5111655
63.56812, -19.7977061
63.5185896, -19.6409746
63.4175118, -19.00168
63.42234990000001, -19.0081917
63.41859729999999, -19.010184
63.41933599999999, -19.00019
63.41744869999999, -19.0003569
65.0929269, -14.741385
65.0930681, -14.7418658
64.964293, -15.157673
65.0925823, -14.7415601
64.6433653, -14.5154437
65.032034, -14.222757
65.0326919, -14.2001219
65.03401579999999, -14.2311556
65.0327131, -14.200283
65.032286, -14.2201572
65.0340899, -14.2312111
65.0771853, -14.028394
65.064371, -13.998712
64.9298979, -14.0110444
65.0672925, -14.0055722
65.147505, -13.6905977
64.8009074, -13.9905154
64.6563357, -14.2828843
64.6952732, -14.2278376
64.6559541, -14.2864106
64.8329033, -13.8738981
64.8013249, -14.0011794
64.2502212, -15.2040662
64.2507038, -15.2046172
64.35582819999999, -15.265973
64.25741450000001, -15.2127514
64.2594577, -15.5818089
64.252821, -15.213156
64.2555343, -15.208913
64.2501843, -15.2031639
64.2495033, -15.2071325
64.2589969, -15.2062823
64.1286612, -16.0117195
63.7904479, -18.0476591
63.7683354, -18.1328695
63.78864710000001, -18.0532837
63.786823, -18.0602047
63.7896958, -18.0508831
63.7744848, -17.9616437
63.7939544, -18.0399578
66.1530597, -23.2487641
66.0766587, -23.1258069
65.9859735, -22.8159827
66.0475893, -22.8290508
65.9232811, -22.3526351
65.5624199, -24.1580331
65.6009698, -24.00803
65.543007, -24.366249
65.477387, -23.997219
65.75966369999999, -23.4502611
65.5244834, -23.2008962
65.7065399, -21.6650933
65.37160519999999, -22.9288658
65.4552786, -21.916403
65.5988303, -20.6485405
65.8233903, -20.3087582
65.20906719999999, -21.0957509
65.3259851, -20.8922279
65.5094086, -20.0316344
66.0697469, -18.654583
66.071828, -18.654765
65.6804652, -18.0889039
65.693544, -18.13749
65.674813, -18.0909021
65.7269043, -17.9152679
65.62413900000001, -16.9228021
65.5671692, -17.0363986
65.3739007, -15.8837033
65.61514, -15.10025739999999
65.5409622, -13.7536399
64.91546350000002, -23.8825122
64.8960956, -23.7085417
64.7669584, -23.6301796
65.0747485, -22.728377
65.0778181, -22.7236103
64.84915269999999, -22.7339077
64.5446498, -21.9079354
64.3140385, -22.0881351
64.2420312, -21.8299615
64.320554, -22.0703014
63.9967589, -22.6232841
63.9964624, -22.6242106
63.9959674, -22.6234601
64.0009195, -22.5489237
63.9316757, -22.6840844
64.15067979999999, -21.98548229999999
64.1506844, -21.9854797
64.1535876, -21.9487551
64.152575, -21.955141
64.1532224, -21.9486149
64.1566401, -21.948401
64.1521404, -21.9485817
64.2089775, -21.7125326
64.1476047, -21.9420115
64.1476, -21.942011
64.1504325, -21.9447095
64.1509452, -21.9441552
64.1489313, -21.9414481
64.1481744, -21.94188949999999
64.14805559999999, -21.9419325
64.1474088, -21.9425026
64.1478599, -21.9409736
64.1502464, -21.9322804
64.147773, -21.936391
64.14664069999999, -21.934027
64.1481146, -21.9351128
64.1484886, -21.9375354
64.1469894, -21.9322891
64.1460494, -21.9012816
64.1475396, -21.9247254
64.1451235, -21.9106054
64.1449647, -21.9096402
64.1417342, -21.9481338
64.13993099999999, -21.9504949
64.139904, -21.9503529
64.1459982, -21.943731
64.1457683, -21.9324768
64.14606119999999, -21.9317131
64.146061, -21.932423
64.1462746, -21.9332404
64.1464447, -21.9306478
64.1450735, -21.9329498
64.1458026, -21.9303147
64.1382484, -21.9467409
64.1372075, -21.9449266
64.14088199999999, -21.928351
64.130211, -21.952816
64.1439485, -21.919978
64.1439675, -21.9199363
64.145572, -21.9281961
64.1436111, -21.9266667
64.145035, -21.9254655
64.1438886, -21.9222973
64.1439243, -21.9258029
64.1432449, -21.916897
64.1416826, -21.9115118
64.14268179999999, -21.914266
64.1388363, -21.89046919999999
64.1374794, -21.890869
64.1396781, -21.8834953
64.1292126, -21.9190507
64.129218, -21.918741
64.12920079999999, -21.918506
64.1298075, -21.8957392
64.1312391, -21.893479
64.1301295, -21.8956979
64.12988779999999, -21.8946595
64.1328322, -21.8832177
64.102042, -22.01742
64.101316, -21.8834141
64.111957, -21.906293
64.11205199999999, -21.9055111
64.0914153, -21.9282083
64.1143266, -21.8962999
64.1009967, -21.8831636
64.11109809999999, -21.9183371
64.1038887, -21.8751252
64.111972, -21.934953
64.1503926, -21.8705097
64.14654829999999, -21.874689
64.1297009, -21.8675076
64.1325159, -21.8670601
64.1451202, -21.8795084
64.1399094, -21.8486595
64.1371889, -21.8077587
64.14401939999999, -21.8084026
64.12871319999999, -21.8104838
64.1256544, -21.8182468
64.1657625, -21.7073439
64.1102429, -21.8426502
64.11143020000002, -21.8424822
64.11813, -21.796438
64.102843, -21.7663181
64.1140848, -21.7387283
64.0102778, -21.9349999
64.0544735, -21.8066189
64.06313, -21.9576951
64.0697272, -21.9573598
64.06960110000001, -21.9593864
64.0767588, -21.9393345
64.8384257, -21.3357931
64.6550985, -21.405991
64.654892, -21.4063078
64.7020003, -21.0411709
64.866519, -19.5522401
64.60937059999999, -19.7036416
64.3119569, -21.5675844
64.2137375, -20.7344665
64.3111558, -20.2335907
64.1660613, -21.6958824
64.0576773, -21.5013589
64.0576505, -21.5014129
64.003391, -21.181504
63.9437311, -21.0082356
63.93442269999999, -21.0107247
63.9367785, -20.9908497
64.0792986, -20.7512941
64.3254201, -20.1291467
64.1968409, -19.2848425
63.880175, -22.4489646
63.89554479999999, -22.0504712
63.874698, -21.148297
63.8746738, -21.1482187
63.8371009, -21.0651096
63.75291419999999, -20.2359449
63.7391932, -19.97720589999999
63.7322628, -20.0359011
64.7920832, -14.0094493
64.83534399999999, -13.8805724
63.8540618, -17.8710127
66.1570991, -23.2485934
66.12992539999999, -23.5290388
66.0482878, -23.5123014
66.05181089999999, -23.5102901
66.073681, -23.1199135
66.07250979999999, -23.1200296
66.0731474, -23.1195477
66.0745871, -23.1234873
66.068247, -23.126478
66.07135319999999, -23.1198097
66.0720214, -23.119658
66.0740528, -23.1319713
65.8793638, -23.4966982
65.8768281, -23.4890324
65.984261, -23.3390969
66.3363531, -22.873401
66.0395076, -22.7285671
65.8439566, -22.6800456
65.92764199999999, -22.4287911
66.0510043, -21.5493821
65.9407904, -22.1825431
65.94432549999999, -21.5584286
66.0513604, -21.5488061
65.6283279, -23.8450526
65.59097, -23.9761987
65.6272114, -23.8292581
65.5492471, -24.3438989
65.584176, -24.1369191
65.6267441, -23.82302
65.62684759999999, -23.8261629
65.59480529999999, -23.98224
65.5760686, -23.1678486
65.700805, -21.562703
65.7011761, -21.6846567
65.55636439999999, -22.103591
65.45584, -21.9162511
65.4520078, -22.2028199
65.4547046, -22.2001077
65.4519968, -22.2027833
66.03371, -21.4954518
65.8971716, -19.4129815
65.6903222, -21.4353132
65.68421889999999, -21.399994
65.6891586, -21.4420395
65.660016, -20.2772529
65.5413454, -20.2072263
65.6593, -20.2843449
65.65647349999999, -20.2859535
65.6602025, -20.2758694
65.6594108, -20.2978897
65.39122809999999, -20.9391287
65.3954092, -20.9477047
65.3215235, -20.8886337
65.2589297, -21.1088647
65.39201469999999, -20.9373414
65.3631195, -20.6024096
65.1445501, -21.0848559
65.3787175, -20.64327
65.6598849, -20.2842764
65.6597653, -20.3014319
65.7402382, -19.6362161
65.6109746, -19.5046053
65.7334113, -19.1128809
65.4834675, -20.4073747
65.4568506, -18.9496305
66.5392912, -18.0137479
66.5394668, -18.0161897
66.548069, -18.0211241
66.5423498, -17.996116
66.5394091, -18.0139458
66.14321129999999, -17.2581054
66.0734441, -18.6448574
65.9797681, -18.3766969
65.97985899999999, -18.3766463
65.9786081, -18.3813319
65.97194999999999, -18.5303799
65.9702169, -18.5283891
65.8502859, -18.196464
65.9467835, -18.1810567
65.9468773, -18.1808011
65.8740682, -17.4046579
65.95566389999999, -17.5458664
66.20402899999999, -17.0528454
66.4574891, -15.9496888
66.3018486, -16.4467914
66.4535903, -15.9497049
66.30036489999999, -16.4484903
66.0455827, -17.3439198
66.0476785, -17.343471
66.04616639999999, -17.3425521
65.69475, -18.1268909
65.6608933, -18.236628
65.69098919999999, -18.1247733
65.68775870000002, -18.1028394
65.6774784, -18.1223156
65.6915099, -18.1074107
65.6824405, -18.0904269
65.682604, -18.092035
65.6827934, -18.0911658
65.6810196, -18.0898331
65.6872595, -18.1035717
65.68166599999999, -18.091003
65.6814429, -18.0898594
65.687871, -18.1020849
65.6838191, -18.0890609
65.6809528, -18.0878476
65.6821466, -18.0869801
65.6806077, -18.0894611
65.682581, -18.0904079
65.6751302, -18.0934126
65.685553, -18.0810821
65.68345219999999, -18.0871566
65.6835018, -18.0901975
65.6837719, -18.0874778
65.678687, -18.0897681
65.681615, -18.089919
65.5987667, -18.0370208
65.5967197, -18.0877393
65.58020379999999, -18.092157
65.6839717, -17.5404818
65.447141, -18.2084681
65.56712519999999, -17.0370039
65.63092230000001, -16.8474946
65.5669297, -17.0388068
65.63089900000001, -16.847968
65.60386, -16.9961055
65.6587169, -16.9571005
65.6451683, -16.9148667
65.62439940000002, -16.9230972
65.4390224, -15.9119767
65.43753939999999, -15.9138382
65.37494140000001, -15.8848678
66.19794759999999, -15.3359625
66.1979032, -15.3359243
66.2012629, -15.3330059
66.0382853, -14.8052036
66.0383307, -14.8052944
65.6424028, -16.1218143
65.7558789, -14.8257649
65.5271791, -13.81681
65.5280412, -13.8171516
65.37137539999999, -14.3476724
65.2671675, -14.3999649
65.2671855, -14.4000292
65.2631542, -14.4052164
65.2608069, -14.4077075
65.2615722, -14.3998579
65.2571988, -14.0122651
65.2616061, -13.9979064
65.20295519999999, -13.7935749
65.2582213, -14.0050169
65.2661978, -14.0129219
64.9154487, -23.8825494
64.9150152, -23.88421
64.9175372, -23.8870337
64.8952235, -23.8118112
64.9148689, -23.9086908
64.89455780000002, -23.7083514
64.91501699999999, -23.8842111
64.893594, -23.7027474
64.9242338, -23.2670812
64.92795439999999, -23.2618054
64.8702778, -23.1136112
64.9255356, -23.2543874
64.7525914, -23.6485893
64.89684559999999, -23.7080188
64.8208411, -23.5559898
64.7673909, -23.6299633
64.7665798, -23.6323272
64.745796, -23.67584
64.766781, -23.6333098
64.82317669999999, -23.3846827
65.0781793, -22.7260301
65.073921, -22.7306961
65.077533, -22.725663
65.07202869999999, -22.7335375
65.07101349999999, -22.7315562
65.0740077, -22.7292321
65.1075689, -21.7631831
65.1088279, -21.7614697
64.8436554, -22.6537566
64.697755, -21.619489
64.675151, -21.664645
64.6428308, -21.804716
64.5542426, -21.9031555
64.5720908, -21.881542
64.5649207, -21.7653885
64.5926186, -21.5776205
64.07830609999999, -22.6757614
64.0360728, -22.7048301
64.034166, -22.707494
63.9999331, -22.576629
64.00817769999999, -22.5575977
63.9998101, -22.5503654
64.0033857, -22.5553068
64.002922, -22.5542969
63.99713389999999, -22.5492456
64.00223210000001, -22.5528935
64.00311529999999, -22.5541392
64.0025725, -22.5537701
64.00316169999999, -22.5550034
64.004303, -22.556146
63.99587579999999, -22.6239405
63.9693681, -22.5730353
63.9962804, -22.6304684
63.99579079999999, -22.6230524
63.97200179999999, -22.5756192
64.0024566, -22.5567532
64.00149259999999, -22.5611451
64.00244099999999, -22.5537541
64.00314999999999, -22.5550097
64.0018382, -22.544894
64.0039197, -22.5552338
63.995597, -22.5492645
63.99707069999999, -22.5493162
64.00032759999999, -22.5494863
63.9871711, -22.5492308
63.99383419999999, -22.5497982
63.9945548, -22.5495773
63.9728606, -22.5451544
63.972244, -22.564289
64.1471809, -21.9374576
64.1485072, -21.9416442
64.1440995, -21.9392867
64.1463, -21.939875
64.14240269999999, -21.9288523
64.1305483, -21.9538732
64.1379872, -21.8871548
64.129221, -21.918744
64.1297715, -21.8951374
64.1011079, -21.8830772
64.0981053, -21.8898091
64.1126963, -21.9022805
64.1400172, -21.8687793
64.09617, -21.8069687
64.103984, -21.8781681
65.2589105, -21.1098385
64.78761, -21.507292
64.7011325, -20.9770099
64.7019713, -21.0552998
64.708957, -21.251912
64.70191299999999, -20.9723541
64.6638656, -21.4093514
64.6653527, -21.2909577
64.66568, -21.2871
64.5699947, -21.0504834
64.69922009999999, -20.8689159
64.699512, -20.870392
64.7035331, -20.8830369
64.21558220000001, -20.7309314
64.2424502, -20.5518578
64.2425725, -20.5516735
64.30952309999999, -20.3018893
64.3085933, -20.3035802
64.21690459999999, -20.7341213
64.22616219999999, -20.3374085
64.3095365, -20.3015713
64.2206506, -20.7293517
64.3270716, -20.1199478
64.3268494, -20.1209735
64.2424477, -20.5516435
64.0206759, -21.3986863
64.0010452, -21.185102
64.0057996, -21.1835748
63.9954115, -21.1896335
63.99754300000001, -21.188676
64.0061511, -20.9737104
63.99744699999999, -21.192603
63.9961979, -21.1817218
64.05280499999999, -20.970222
64.0012472, -21.1847916
63.94859520000001, -21.2833697
63.98182439999999, -21.096353
63.937427, -20.991851
63.93660839999999, -21.006586
63.9370013, -20.9955704
63.93684460000001, -20.9884869
63.934876, -21.0113616
63.9375251, -21.00503
63.9377607, -21.0023732
63.937351, -21.0053131
63.93392499999999, -21.0098361
64.0796727, -20.7518411
64.177503, -20.4448859
64.1258699, -20.525588
64.140886, -20.3590821
64.13741329999999, -20.3241066
64.1377601, -20.3101349
64.13180129999999, -20.3237092
64.14088439999999, -20.3590775
64.1100335, -20.3783907
64.140894, -20.3605591
64.0691429, -20.415765
63.94805179999999, -20.9785868
63.93679139999999, -20.9990888
64.04246719999999, -20.2518266
63.90214829999999, -20.5229544
64.3252722, -20.1287836
64.3270716, -20.1199478
64.31037189999999, -20.3023605
64.3098133, -20.3016619
64.22640539999999, -20.3374322
63.8400911, -22.4247121
63.8423643, -22.4244925
63.88003219999999, -22.4494305
63.8450765, -22.4344268
63.879801, -22.450114
63.8816058, -22.4286079
63.83072619999999, -21.6771499
63.9726435, -22.5435287
63.85676359999999, -21.3839931
63.9369082, -21.0053035
63.83677520000001, -21.065913
63.879274, -21.0205083
63.8336495, -20.4066625
63.8332671, -20.3980856
63.83306990000001, -20.4063613
63.83306990000001, -20.4063613
63.799288, -20.3068339
63.833201, -20.4073981
63.7495502, -20.2321927
63.7514866, -20.2255146
63.7495632, -20.2324176
63.74965129999999, -20.2340413
63.442349, -20.2724681
63.4419149, -20.2691551
63.4404681, -20.2771041
63.44202010000001, -20.2741352
63.4408087, -20.2694322
63.74964869999999, -20.2340054
63.7242023, -20.0117684
63.71527099999999, -19.734256
63.5569444, -19.3027778
63.4441953, -20.2834493
63.5249363, -19.5073194
63.4427703, -20.2760256
63.44224750000001, -20.2715085
63.44093979999999, -20.2681011
63.4409082, -20.2700304
63.524069, -19.5039469
63.52472659999999, -19.5065013
63.53068560000001, -19.3719616
63.5259057, -19.4932098
63.41752089999999, -19.0003223
63.4194541, -19.0081119
63.42333550000001, -19.0089145
63.40426249999999, -19.0443036
63.4032141, -19.0421384
64.0706682, -18.2378029
63.9237362, -17.7061478
64.0166455, -16.9661234
63.9903429, -16.8961267
63.89894400000001, -16.6101009
64.0162758, -16.9681182
63.962658, -16.8781241
63.881336, -16.6458107
63.9906562, -16.8969278
64.070414, -16.9751755
63.881543, -16.6459141
64.0482352, -16.1792609
64.0157629, -16.365728
64.04820430000001, -16.1796055
64.1297641, -16.0176998
64.04839009999999, -16.1791014
64.0466618, -16.179273
64.0784458, -16.2305537
65.0407864, -14.9525433
65.0939076, -14.7388421
65.0318459, -14.2219771
65.06438709999999, -13.998732
64.932733, -14.0282905
65.064705, -14.0008732
65.0748852, -14.018286
65.0766002, -14.0365571
64.6988113, -14.2560621
64.6949784, -14.2286682
64.7921006, -14.0093951
64.8335663, -13.8754106
64.8024162, -14.1230603
64.8354696, -13.8805212
64.7937117, -14.0076973
64.8024947, -14.1225455
64.833434, -13.8754316
64.6563135, -14.2805462
64.6560197, -14.2860867
64.6576291, -14.2831459
64.65691799999999, -14.2831299
64.65611489999999, -14.2862537
64.39685229999999, -15.3432024
64.2523004, -15.2026313
64.2498842, -15.2070097
64.2507341, -15.2050824
64.31356650000001, -15.229616
64.1825705, -15.8096626
64.1817502, -15.8094006
63.7457206, -18.159462
63.6718095, -18.4078713
63.79587600000001, -18.0337039
63.85296659999999, -17.8727591
63.9904133, -16.8959757
66.1517719, -23.261709
66.159176, -23.2468901
66.15306939999999, -23.24868
66.1574341, -23.2471507
66.1578253, -23.2505895
66.06051819999999, -23.173918
66.0687387, -23.1209215
66.06985, -23.1507
66.025967, -22.9916236
66.0607761, -23.17486
66.0687342, -23.1209308
66.0516617, -21.5505194
65.598008, -24.000411
65.6853407, -23.6009826
65.70129179999999, -21.6928085
65.8244635, -20.3058645
66.1501636, -18.9104608
66.150815, -18.909712
65.68924559999999, -21.4422678
65.3919658, -20.9373939
65.3956342, -20.9466296
65.1445365, -21.0848666
65.3260255, -20.8919956
65.3999304, -20.947048
65.75183679999999, -19.6510649
65.741565, -19.6376432
65.73459059999999, -19.6471811
65.7470578, -19.6456769
65.55370309999999, -19.4466107
66.4524004, -15.950409
65.97070029999999, -18.5326926
65.9442452, -18.3548217
65.97944439999999, -18.3766668
66.0728536, -18.6457327
65.9718006, -18.5294723
66.04663359999999, -17.3431081
66.0476934, -17.3435974
66.0487626, -17.344231
66.0466824, -17.342931
65.6868386, -18.1282568
65.68707719999999, -18.1286199
65.69917579999999, -18.1349457
65.6958372, -18.122059
65.6835162, -18.089635
65.6904234, -18.0892837
65.6814613, -18.0889826
65.68775870000002, -18.1028394
65.6897937, -18.0974042
65.6908395, -18.1085033
65.6904107, -18.0885409
65.687297, -18.10392
65.6872796, -18.0782789
65.67932069999999, -18.1087777
65.6770082, -18.1006504
65.679553, -18.1085016
65.6804269, -18.0910192
65.66948529999999, -18.1090191
65.6692793, -18.1101419
65.6821059, -18.0907569
65.66980500000001, -18.0809212
65.6418542, -16.911006
65.6417793, -16.9105712
65.5671461, -17.0363835
65.5673596, -17.0362191
66.19844739999999, -15.3371303
66.1985983, -15.337751
65.75388889999999, -14.8269444
65.7496369, -14.8330558
65.74977, -14.8334338
65.3159477, -15.1208248
65.5255087, -13.812384
65.28241, -14.4256118
65.25978409999999, -14.0087508
65.26079969999999, -14.3977108
65.258736, -14.394475
65.25951909999999, -14.4085648
65.2604544, -14.4077681
65.2603228, -14.4071139
65.25888789999999, -14.3936279
65.26069749999999, -14.0096819
65.2617156, -13.9989623
65.26311059999999, -14.4061203
65.1473879, -13.6924269
65.14766589999999, -13.6941931
65.1473508, -13.707406
65.14752179999999, -13.693753
65.1469894, -13.6865391
64.8942308, -23.7044558
64.89385, -23.7038781
64.8933691, -23.7033009
64.8940473, -23.7051392
64.92525859999999, -23.2597839
64.926745, -23.2568881
64.9250386, -23.2603529
64.921536, -23.2466547
64.76711, -23.6285799
64.7666989, -23.633896
65.0729511, -22.7328745
65.0719276, -22.7329344
65.0740616, -22.7297466
64.84360199999999, -22.6536312
65.1077809, -21.7636401
65.1103146, -21.7616519
65.1074076, -21.7627678
64.5438344, -21.9108113
64.6750224, -21.664567
64.5413816, -21.9094306
64.7681278, -21.541311
64.5446637, -21.9079715
64.54314939999999, -21.9116692
64.5439698, -21.9105739
64.3199247, -22.0695881
64.2420474, -21.8300092
63.97241099999999, -22.5426789
64.00135639999999, -22.551081
63.9715937, -22.5908528
63.9726435, -22.5435287
64.0700477, -22.6483939
64.1478367, -21.978877
64.1657103, -21.6986817
64.142162, -21.952959
64.1458895, -21.9512451
64.13551439999999, -21.9510114
64.14444379999999, -21.9609711
64.1475778, -21.9377516
64.1428181, -21.928501
64.14300709999999, -21.9154324
64.144516, -21.9186245
64.146457, -21.9324245
64.14797039999999, -21.9420545
64.1487563, -21.9386098
64.1446229, -21.9226313
64.1450641, -21.9256058
64.1465918, -21.9329192
64.1482971, -21.8833976
64.142471, -21.9031
64.1414928, -21.9073112
64.1459402, -21.9307501
64.144625, -21.9185446
64.123867, -21.926514
64.12394239999999, -21.9249218
64.1319795, -21.8933121
64.138464, -21.890923
64.1313273, -21.8933674
64.1388363, -21.8904692
64.07848609999999, -21.956904
64.1296046, -21.8692725
64.102127, -21.8840286
64.1334516, -21.8680306
64.0969628, -21.8903453
64.1292588, -21.868307
64.1301489, -21.7614509
64.101776, -21.8310271
64.1083881, -21.832477
64.110012, -21.8586892
64.10122910000001, -21.8243514
64.0938894, -21.8595602
64.0964104, -21.8025427
64.1154406, -21.7900312
64.0667672, -21.9362159
64.1054316, -21.823051
64.1087986, -21.8422795
64.0763686, -21.9422497
64.12021949999999, -21.855984
64.1141909, -21.8931205
64.69921839999999, -20.8688133
64.2078618, -20.5609559
64.21691899999999, -20.7340683
64.2794582, -20.4433804
64.1398305, -21.8571867
64.1310787, -20.3212607
63.93809090000001, -20.9752352
64.0748237, -20.7643422
64.0746932, -20.7644626
63.9358693, -21.0074705
64.1311996, -20.3195053
63.9383023, -20.9732398
63.84137490000001, -22.4249844
63.84372149999999, -22.4362359
63.8397021, -22.4338274
63.8361194, -21.062286
63.7491838, -20.2333751
63.442127, -20.2722222
63.4441789, -20.2728163
63.4405664, -20.2771996
63.44135009999999, -20.2693312
63.7517187, -20.2352384
63.75036830000001, -20.2325318
63.751746, -20.2357005
63.41745279999999, -18.9936865
63.4180068, -19.0026274
65.09672359999999, -14.7426215
65.0346455, -14.228014
65.070889, -14.0135798
65.0759115, -14.0214402
64.93268379999999, -14.0284232
64.250113, -15.1957467
63.7896958, -18.0508831
63.79391809999999, -18.0399265
63.79075880000001, -18.0466144
63.79441310000001, -18.038788
64.1544428, -21.9444606
64.126279, -21.8212736
64.14323220000001, -21.9142895
64.3095855, -20.3018281
63.9334611, -21.0013832
63.93683279999999, -20.9883371
64.074654, -21.919139
64.130077, -21.8947219
64.12889799999999, -21.865673
64.10103300000002, -21.88346
66.06973409999999, -23.1247614
66.15187000000002, -18.9095494
65.7453085, -19.6412026
66.0447011, -17.3391002
64.5429091, -21.9122635
64.3243286, -22.0671839
63.9936734, -22.549417
64.150598, -21.9846782
64.140361, -21.84797
64.1457332, -21.898402
64.130645, -21.8940355
64.150745, -21.7876703
64.11163979999999, -21.8423007
64.1198738, -21.7920093
64.10451739999999, -21.8767025
64.1014002, -21.8825555
64.1676968, -21.6966731
64.0769348, -21.94169819999999
64.1322216, -21.8702503
64.1476781, -21.939615
64.0731728, -21.9121595
63.9954115, -21.1896335
63.84492849999999, -22.4346448
63.85653049999999, -21.38451509999999
63.44151160000001, -20.2712076
65.9704163, -18.5277104
65.6778065, -18.1190465
65.681915, -18.0905289
65.6833924, -18.0903858
63.9728476, -22.5448599
64.0055556, -22.5572221
64.1513889, -21.9575001
64.1493904, -21.8719387
64.1504302, -21.9602518
64.14966, -21.9432465
64.1532929, -21.9503259
64.1508409, -21.788651
64.150819, -21.788434
64.166173, -21.7346714
64.1665361, -21.697247
64.1414642, -21.9620153
64.1454739, -21.9176673
64.14516739999999, -21.9311567
64.1301086, -21.8708755
64.1307468, -21.8755821
64.131083, -21.8737469
64.1299013, -21.8942791
64.13064779999999, -21.8617763
64.1388135, -21.9382168
64.14290790000001, -21.9124172
64.077822, -21.9495848
64.0968359, -21.8906921
64.1141456, -21.8925742
64.114183, -21.8930411
64.08853810000001, -21.9194648
64.09779259999999, -21.8860021
64.129323, -21.896789
64.11799719999999, -21.7957863
64.1465302, -21.8947328
64.1307997, -21.7602255
64.101333, -21.823628
64.0904627, -21.8425363
64.10905629999999, -21.8422493
64.1089181, -21.817609
64.1262979, -21.8216891
64.12538099999999, -21.8162442
64.0764343, -21.9413413
64.0686111, -21.9572222
64.5436469, -21.9087392
64.3180312, -22.0823078
64.3272094, -22.0542978
64.5416936, -21.9088172
64.1504034, -21.8708138
64.15252819999999, -21.947013
64.15328389999999, -21.9499429
64.15088899999999, -21.945062
64.1531172, -21.9493625
64.1508078, -21.9440346
64.1477829, -21.9408635
64.1483069, -21.9412589
64.1482518, -21.9410263
64.1499206, -21.9430775
64.1482785, -21.937986
64.146378, -21.933259
64.14641499999999, -21.937986
64.14742869999999, -21.9383807
64.148048, -21.9406019
64.14680899999999, -21.937444
64.146354, -21.932609
64.14764199999999, -21.9374826
64.14979989999999, -21.942862
64.1453312, -21.924154
64.1452733, -21.9273596
64.14605949999999, -21.9276609
64.14650999999999, -21.9338469
64.1447222, -21.9233333
64.1442497, -21.9257404
64.1458677, -21.9193111
64.1444186, -21.9301682
64.1449222, -21.9256498
64.1462677, -21.9316347
64.14575409999999, -21.8986042
64.14322419999999, -21.9152944
64.146225, -21.8992056
64.1441985, -21.9298803
64.1464232, -21.9333597
64.1448691, -21.9297194
64.14570499999999, -21.932739
64.1451235, -21.9316579
64.147348, -21.9376811
64.14598029999999, -21.9326744
64.1465016, -21.9326208
64.1440618, -21.9223397
64.1434408, -21.9173298
64.144854, -21.9252667
64.14272489999999, -21.9141961
64.1427509, -21.9024102
64.143783, -21.9187247
64.1429537, -21.9119666
64.143221, -21.917196
64.1376678, -21.8975127
64.1399285, -21.8847899
64.1374123, -21.8976372
64.1399163, -21.8854735
64.1398396, -21.8859156
64.13496549999999, -21.8782853
64.111238, -21.9360603
64.0968167, -21.8906665
64.1337061, -21.8680159
64.12952050000001, -21.8661938
64.12523709999999, -21.820353
64.12527850000001, -21.8198193
64.121445, -21.8127958
64.1252812, -21.81076
64.109904, -21.858035
64.09549489999999, -21.8046616
64.0525722, -21.979339
64.0699278, -21.9590193
64.0772758, -21.939414
64.1013461, -21.823655
63.9378241, -21.0043268
63.5241116, -19.5040532
64.3217287, -22.069458
64.1457704, -21.9624309
64.148211, -21.9389761
64.147741, -21.9401561
64.1490054, -21.9339929
64.1394553, -21.8819552
64.1434329, -21.918361
64.130247, -21.8951159
64.1127403, -21.90268649999999
64.081741, -21.938159
64.088981, -21.9215431
64.10103269999999, -21.8834604
64.09937289999999, -21.8773746
64.1312318, -21.8662739
64.1235834, -21.82587699999999
64.1062469, -21.8553075
64.1055488, -21.814142
64.07664369999999, -21.9498545
64.0591665, -21.9711932
64.07709690000002, -21.9449181
66.13113, -23.5271664
65.6282238, -23.8229674
65.519615, -23.4053381
65.82418779999999, -20.3045836
65.6399337, -20.2527165
65.65973439999999, -20.2805477
66.0467401, -17.3447544
65.681356, -18.089589
65.664284, -18.082642
65.6883443, -18.0958395
65.59103619999999, -16.9109817
65.64479299999999, -16.8972953
65.17689709999999, -14.5305276
65.2764383, -14.4096409
64.9171923, -23.88389
64.17945, -21.6033752
63.9334107, -22.6686011
64.0519785, -21.9747858
64.15081719999999, -21.9639176
64.1515943, -21.9319219
64.1419241, -21.9421419
64.1486345, -21.9403055
64.147627, -21.9392099
64.1420804, -21.8835652
64.11012769999999, -21.8156372
64.0760859, -21.9351389
65.12765279999999, -18.7508085
64.19159619999999, -20.7354582
64.1231241, -21.3386915
64.0362643, -19.8371129
63.4186315, -19.0060479
66.0741302, -23.1177718
65.7065649, -21.6656074
66.1505327, -18.9086479
66.11762139999999, -20.1475812
65.6610078, -20.2839463
65.7333615, -19.1138716
65.5757504, -19.3438151
65.456454, -18.9530422
66.5657798, -18.0204969
66.54038369999999, -18.014741
65.9467835, -18.1810567
66.0392207, -17.3432296
65.82114949999999, -18.05560639999999
65.681922, -18.0912557
65.6817958, -18.0908423
65.68267829999999, -18.0901633
65.6781948, -18.1152577
65.67760179999999, -18.093143
65.680864, -18.08905
65.5237398, -17.469206
65.7226153, -17.3594295
65.5281206, -13.8165122
65.26309119999999, -14.39815
64.92442369999999, -23.2599221
64.89515349999999, -23.7074552
65.07491089999999, -22.7276017
65.0424003, -22.521113
64.5370925, -21.9267611
64.5447226, -21.9079284
64.53349469999999, -21.93199419999999
64.3207479, -22.0718254
64.31908659999999, -22.0351302
64.32716669999999, -22.0543278
64.0818611, -22.6887169
63.9979534, -22.6278163
63.993433, -22.6231167
63.9988403, -22.5847199
63.9736143, -22.5563711
64.0032417, -22.5544231
63.9957381, -22.5492733
63.9942958, -22.5479014
63.97254299999999, -22.5426206
63.97246140000001, -22.5425283
63.9745969, -22.5074946
64.1528288, -22.0293214
64.1504896, -21.9910375
64.1628257, -21.8531512
64.1505459, -21.9603268
64.14467239999999, -21.9712576
64.1442362, -21.9692465
64.1442442, -21.9612878
64.15005529999999, -21.9599595
64.1458691, -21.9626705
64.1557146, -21.941748
64.1525697, -21.9514992
64.15239489999999, -21.9502584
64.1533092, -21.9499862
64.1533582, -21.9496421
64.15133349999999, -21.9487129
64.1535869, -21.94757
64.1556442, -21.9457093
64.1545529, -21.9440801
64.1545529, -21.9440801
64.1545529, -21.9440801
64.1545529, -21.9440801
64.1543003, -21.9449651
64.15082939999999, -21.9463367
64.15069609999999, -21.9444183
64.1508184, -21.9432558
64.1511709, -21.944382
64.1511111, -21.9438972
64.15083299999999, -21.9441551
64.15079399999999, -21.9435295
64.1505452, -21.9428402
64.14772099999999, -21.9421887
64.148892, -21.941663
64.1486465, -21.9421843
64.14867, -21.941019
64.1481831, -21.9405505
64.1497342, -21.9420331
64.14772099999999, -21.9421887
64.1484208, -21.9409375
64.1484325, -21.94093
64.14833949999999, -21.9408782
64.1490647, -21.9440196
64.15041, -21.932082
64.1474996, -21.9384541
64.1479158, -21.9406764
64.1480677, -21.9380825
64.14751389999999, -21.9368573
64.148506, -21.939219
64.1486994, -21.9376283
64.1487171, -21.940199
64.1480337, -21.9406413
64.147538, -21.938813
64.1471693, -21.9374717
64.1475176, -21.938065
64.1475158, -21.936628
64.1472762, -21.9372139
64.1490906, -21.9330692
64.14572210000001, -21.8984535
64.14660700000002, -21.8997429
64.148211, -21.884025
64.146582, -21.9426354
64.146582, -21.9426354
64.1473575, -21.9416261
64.1455, -21.9384459
64.1455053, -21.9384167
64.1465666, -21.9386116
64.1465831, -21.9377267
64.14695259999999, -21.9388263
64.1469444, -21.9358332
64.14648009999999, -21.9362935
64.14680899999999, -21.937444
64.1464987, -21.9378981
64.1466788, -21.9343292
64.14656699999999, -21.930269
64.146335, -21.9345909
64.1463215, -21.9327534
64.1463696, -21.9327467
64.1467127, -21.9338215
64.1459527, -21.9324139
64.14595249999999, -21.934589
64.1470075, -21.9330703
64.1469123, -21.9343741
64.146908, -21.9350103
64.1446107, -21.9330174
64.1470075, -21.9330703
64.145901, -21.9317964
64.1441952, -21.9355454
64.1427736, -21.9351803
64.142314, -21.933783
64.1423243, -21.9310907
64.14419529999999, -21.9298762
64.14459339999999, -21.9296943
64.1381724, -21.9465977
64.1387757, -21.9378583
64.13181639999999, -21.9469294
64.1308274, -21.9327557
64.13107959999999, -21.9329875
64.1455886, -21.9289623
64.1453878, -21.92802739999999
64.1456522, -21.9255852
64.1464099, -21.9267731
64.1455665, -21.9288406
64.1452958, -21.927955
64.1453494, -21.9295578
64.145364, -21.9249421
64.14489069999999, -21.9254395
64.1452398, -21.9268502
64.1445691, -21.9226123
64.1451249, -21.9244075
64.1454613, -21.9192954
64.1454786, -21.9192661
64.1445952, -21.9225856
64.143928, -21.9262003
64.1429438, -21.9271757
64.14393079999999, -21.9260204
64.143, -21.928647
64.14294, -21.9285399
64.144369, -21.9256762
64.1439827, -21.9212732
64.1438783, -21.9203946
64.14448879999999, -21.9234383
64.144519, -21.9235068
64.1442567, -21.9221276
64.1443158, -21.9224083
64.1443158, -21.9224083
64.1444083, -21.922924
64.1427843, -21.92351
64.1445398, -21.9240533
64.1438409, -21.9192823
64.1435525, -21.9185507
64.1436323, -21.9183612
64.1436408, -21.9182506
64.143783, -21.9187247
64.1452997, -21.9109631
64.1449806, -21.91167219999999
64.1455017, -21.9113368
64.1431947, -21.9151369
64.1434408, -21.9173298
64.1436556, -21.9178646
64.1434393, -21.9177993
64.1431775, -21.916376
64.143244, -21.91599
64.1432348, -21.9160036
64.1432221, -21.9157844
64.142681, -21.9174361
64.1432844, -21.9144194
64.1433272, -21.9142703
64.14315599999999, -21.9143621
64.1431222, -21.9143313
64.1432628, -21.9141304
64.143372, -21.9128593
64.1432487, -21.9124378
64.144342, -21.9096322
64.1431592, -21.9122056
64.1443717, -21.9076094
64.14075, -21.9196181
64.140746, -21.9147563
64.141409, -21.9142759
64.1447733, -21.9076686
64.1442936, -21.9053625
64.1447622, -21.9073573
64.1451149, -21.9079929
64.14229499999999, -21.9055149
64.1399586, -21.9013321
64.1400409, -21.9007029
64.1413264, -21.9045901
64.1404924, -21.896964
64.13733549999999, -21.8976949
64.1399526, -21.8856314
64.1398498, -21.8867449
64.1390304, -21.8860951
64.13979069999999, -21.8839405
64.1387805, -21.8858507
64.1379872, -21.88715479999999
64.1388085, -21.8832825
64.1327259, -21.8932391
64.1295947, -21.8953262
64.1297222, -21.8947222
64.1298735, -21.8943899
64.13076939999999, -21.9010478
64.129531, -21.8965479
64.1298432, -21.8955957
64.1296721, -21.8954229
64.1303598, -21.8946237
64.1298958, -21.8936494
64.1267143, -21.8916224
64.1041236, -22.0199256
64.0914662, -22.0295124
64.1223795, -21.9296725
64.1226228, -21.9257209
64.1269289, -21.8962428
64.12693329999999, -21.8962518
64.1120847, -21.90999
64.1121118, -21.904966
64.1126603, -21.9024728
64.114167, -21.8918896
64.1143184, -21.8966872
64.1141118, -21.9004917
64.11325839999999, -21.8950171
64.1136836, -21.8936452
64.1143135, -21.89596049999999
64.1143483, -21.8976838
64.114096, -21.8913508
64.0900022, -21.9298693
64.0908281, -21.94220319999999
64.0934962, -21.9324154
64.0934603, -21.9324408
64.1018045, -21.8855282
64.0995623, -21.8839599
64.0968359, -21.8906921
64.1032136, -21.8814736
64.1008753, -21.8817186
64.1021312, -21.8840361
64.10103269999999, -21.8834604
64.10103269999999, -21.8834604
64.10103269999999, -21.8834604
64.1007137, -21.8815362
64.0963324, -21.8899272
64.08874999999999, -21.9217925
64.0890249, -21.9213042
64.088584, -21.9214069
64.1496913, -21.8715556
64.1465825, -21.872636
64.1465249, -21.8797715
64.1392758, -21.8813618
64.1392991, -21.8815868
64.1366219, -21.8787744
64.1373884, -21.8591566
64.1329664, -21.8756955
64.13254119999999, -21.8834671
64.1327342, -21.8832994
64.13358509999999, -21.8676773
64.1325442, -21.8668206
64.1323779, -21.8669377
64.13221709999999, -21.873037
64.132151, -21.8730827
64.132172, -21.87264
64.1320078, -21.8741659
64.130096, -21.872913
64.13206079999999, -21.872936
64.1305616, -21.8706924
64.1304133, -21.8697282
64.12994379999999, -21.8652145
64.1305443, -21.8658316
64.1296667, -21.8663333
64.13146499999999, -21.8673461
64.1311036, -21.86638079999999
64.13074619999999, -21.8667811
64.13038329999999, -21.8644347
64.1295074, -21.8644772
64.1295202, -21.8661733
64.1296397, -21.8652262
64.13509739999999, -21.8463933
64.13052, -21.8612299
64.13052, -21.8612299
64.144666, -21.804468
64.1445681, -21.7922589
64.12898679999999, -21.8251642
64.12888889999999, -21.8105556
64.13444439999999, -21.7983332
64.1271512, -21.8175347
64.1256136, -21.80959069999999
64.1463, -21.771987
64.1505909, -21.7861986
64.15071379999999, -21.7890633
64.15105510000001, -21.7735338
64.1507633, -21.7890786
64.150894, -21.7890258
64.1221956, -21.8752162
64.1254938, -21.8792021
64.1205189, -21.8479908
64.1061579, -21.8676833
64.1131892, -21.8664592
64.1130218, -21.8495407
64.1101588, -21.8490499
64.11157159999999, -21.8502628
64.109893, -21.8585881
64.1127301, -21.841998
64.1087948, -21.84358
64.1092343, -21.8425781
64.1090483, -21.8420621
64.1088667, -21.8422655
64.124929, -21.8305887
64.1242961, -21.8296268
64.1243242, -21.829315
64.12516939999999, -21.8209589
64.1262979, -21.8216891
64.1262979, -21.8216891
64.1262979, -21.8216891
64.1262979, -21.8216891
64.1262979, -21.8216891
64.1262979, -21.8216891
64.1262979, -21.8216891
64.1253831, -21.8161773
64.12382389999999, -21.8040582
64.123864, -21.8029861
64.1173093, -21.7986661
64.10892, -21.8173625
64.1074641, -21.8064832
64.1129649, -21.7929419
64.10442259999999, -21.8764213
64.1044179, -21.8758822
64.1045003, -21.87580569999999
64.1034219, -21.8775891
64.1049511, -21.8725154
64.1000765, -21.876811
64.0993395, -21.88102989999999
64.0992797, -21.878268
64.0992654, -21.8745964
64.0997838, -21.8756001
64.100737, -21.8706351
64.1007523, -21.8706738
64.1017103, -21.8731521
64.0938005, -21.8591576
64.0905638, -21.8426095
64.0874524, -21.8328862
64.1012176, -21.82395169999999
64.1051602, -21.8154266
64.10279919999999, -21.7659528
64.1168332, -21.742527
63.98266210000001, -22.3800554
63.99566059999999, -22.139891
64.0637146, -21.96520559999999
64.06303199999999, -21.9582419
64.0685204, -21.958693
64.0691667, -21.9577778
64.06834119999999, -21.957027
64.06324099999999, -21.9576057
64.0680592, -21.95676199999999
64.06526, -21.9560885
64.0672128, -21.9555282
64.06722719999999, -21.9555041
64.06769729999999, -21.9554532
64.0441444, -21.9833008
64.0808861, -21.94747929999999
64.0794191, -21.948517
64.0781075, -21.9494106
64.079658, -21.942257
64.079612, -21.9422499
64.0763891, -21.945002
64.0802084, -21.9432701
64.0782643, -21.9420144
64.079477, -21.9468686
64.0792839, -21.9433275
64.07797049999999, -21.9494692
64.078082, -21.9437347
64.079612, -21.9402343
64.0778972, -21.9494423
64.0777081, -21.9496455
64.07855040000001, -21.9395869
64.0813361, -21.9377823
64.08092409999999, -21.9302617
64.07715449999999, -21.9356943
64.07579799999999, -21.9465599
64.076099, -21.9469746
64.0663824, -21.9362178
64.07454070000001, -21.9188978
64.0841203, -21.8827648
64.0575545, -21.9456511
64.963051, -19.02083499999999
64.557422, -19.9909143
64.1665475, -21.6938881
64.1666553, -21.6969684
64.1662437, -21.6958586
64.16714879999999, -21.6987096
64.1665361, -21.697247
64.1655686, -21.6965625
64.1671303, -21.6989122
64.058888, -21.5110427
63.9988153, -21.1875499
64.17750269999999, -20.4448896
64.1378545, -20.3101293
64.001116, -20.778781
63.9321712, -20.7571668
64.4506384, -18.7489199
64.07043759999999, -19.0541138
63.84028970000001, -22.4325271
63.84377239999999, -22.4365223
63.84482139999999, -22.4346427
63.8800833, -22.4492225
63.8812563, -22.4296884
63.85669619999999, -21.3843955
63.83545119999999, -20.4013232
63.44198099999999, -20.2690633
63.4420523, -20.2688391
63.74958559999999, -20.2338351
63.4186315, -19.0060479
65.1442988, -17.4260872
64.3962587, -17.9995091
64.2920919, -15.4375754
63.60070529999999, -18.0618845
66.0724951, -23.1200329
65.8782548, -23.4908257
65.9273985, -22.4278163
65.5499306, -24.3519473
65.54993449999999, -24.3519459
65.5763525, -23.1683637
65.530131, -23.1903959
65.5564272, -22.1044154
65.7815446, -21.5205936
65.3825427, -21.8770193
65.45032119999999, -22.2162269
66.148642, -18.9107019
65.624405, -20.8250999
65.6598841, -20.3033369
65.6597666, -20.3014301
65.52280499999999, -20.6497475
65.60631289999999, -20.6352359
65.2093152, -21.0941135
65.7529311, -19.6498688
65.5528923, -19.4472925
65.6994782, -19.3824768
66.4579198, -15.948172
66.146992, -18.913227
65.944119, -18.3574784
65.9450313, -18.3620404
65.9453264, -18.361069
66.0463718, -17.3428654
66.0243072, -17.3616209
66.0462101, -17.3434801
66.076754, -16.710094
65.8356955, -17.2729871
65.889087, -17.3195043
65.8884029, -17.3199523
65.569841, -18.5455033
65.716911, -17.523083
65.6855656, -17.5391784
65.6838191, -18.0890609
65.6818488, -18.0904314
65.681693, -18.0905193
65.68345219999999, -18.0871566
65.684764, -18.0842579
65.6856353, -18.079432
65.5987667, -18.0370208
65.502061, -17.4562779
65.722242, -17.3621571
65.6827782, -17.5501918
65.64284769999999, -16.9101326
65.6324308, -14.9927634
65.597848, -14.4892322
65.26292350000001, -15.5147873
65.22620719999999, -14.465273
65.3171089, -15.1158142
65.53183469999999, -13.8168647
65.2756078, -14.3766074
65.25973929999999, -14.0074795
65.26057899999999, -14.0097968
64.92679509999999, -23.2596498
64.81873809999999, -23.8825205
64.7666208, -23.6307418
65.0770819, -22.7261165
65.0760457, -22.7248965
65.1099636, -21.7655002
64.86724629999999, -19.5500043
64.3032655, -20.1667225
63.9372575, -21.0056065
64.1313694, -20.3207471
64.0518889, -20.867139
63.961975, -20.656862
64.00441789999999, -20.5525371
64.0248577, -20.5120204
64.3096896, -20.2917349
63.8332874, -20.3976332
63.83545119999999, -20.4013232
63.83190059999999, -20.3991639
63.74574269999999, -20.2279842
63.4418097, -20.2954516
63.81338539999999, -20.1182588
63.8553441, -20.1646463
63.57123720000001, -19.7968235
63.5744715, -19.7988653
63.85763459999999, -19.2272329
63.52654099999999, -19.5512439
63.52263029999999, -19.5726803
63.41849599999999, -19.0098052
63.42623329999999, -18.9050567
63.3995957, -19.1268976
63.990589, -16.892244
63.90749899999999, -16.708659
63.90699669999999, -16.705622
63.90457389999999, -16.702888
64.1271331, -16.0142023
64.128947, -16.0163799
64.01577379999999, -16.3657237
64.1330242, -16.0635996
63.938989, -16.4388474
64.6429582, -14.5139976
64.6432545, -14.5377584
65.0672925, -14.005572
65.033259, -14.2210759
65.064554, -14.0005812
65.06729, -14.005574
64.9263527, -14.0008975
64.7922705, -14.007352
64.8329443, -13.8745062
64.65623169999999, -14.2804918
64.65495849999999, -14.279801
64.6435485, -14.515056
64.92922399999999, -14.0081847
64.2171864, -15.7180221
64.2477682, -15.6866825
64.2995607, -15.4182898
64.2804118, -15.4849909
64.392614, -14.922134
64.3119099, -15.2295859
64.30288159999999, -15.2103762
64.3055333, -15.2079745
64.30215, -15.226402
64.3021392, -15.2265662
64.25741450000001, -15.2127514
64.25560209999999, -15.2098582
64.24970259999999, -15.2020077
64.24970259999999, -15.2020077
64.24970259999999, -15.2020077
63.6410762, -18.5078006
63.8149491, -18.058101
63.78466779999999, -18.0149625
63.771279, -18.1718158
63.7875323, -18.0595936
63.7744929, -17.9620743
63.8428067, -17.9498871
63.415917, -19.006727
66.1573822, -23.2490296
65.6417359, -16.9104866
65.6416551, -16.9104911
64.3217951, -22.069972
64.3271981, -22.0555485
64.1502857, -21.9844986
64.1536083, -21.9517583
64.1551258, -21.9496289
64.1544014, -21.951794
64.1286111, -21.8869444
64.1436993, -21.9356725
64.142282, -21.912585
64.1354637, -21.9509349
64.1385951, -21.8825468
64.129323, -21.896789
64.11219729999999, -21.9037964
64.1143589, -21.8983005
64.10092449999999, -21.8820833
64.10337539999999, -21.8797997
64.09823159999999, -21.9088071
64.09015099999999, -21.92619999999999
64.0889681, -21.92023379999999
64.1020111, -21.8733289
64.0820662, -21.9408756
64.15083330000002, -21.7872222
64.1422571, -21.8473698
64.1350937, -21.8463553
64.1311174, -21.8678302
64.13129599999999, -21.8692192
64.15046029999999, -21.7895399
64.12521389999999, -21.8145943
64.1453835, -21.7564256
64.108888, -21.8165379
64.1180115, -21.795843
64.0973618, -21.8266286
64.0995355, -21.8312444
64.0844611, -21.8216975
64.0954297, -21.8140674
64.061993, -21.964592
64.0524612, -21.9796831
64.0772222, -21.9419444
64.072943, -21.9121166
64.0778243, -21.9495771
64.1657342, -21.6970765
63.9323569, -21.0002313
63.9369969, -20.9840237
63.8574318, -21.3818201
64.91758639999999, -14.0451706
66.04066, -22.9853201
66.0553607, -23.142185
65.6852445, -23.5993039
66.15074600000001, -18.9106099
65.8975287, -19.4142116
65.7573177, -19.6461807
65.74143839999999, -19.6374291
65.7444756, -19.6339956
65.4106106, -19.2712643
66.0735139, -18.6443437
66.0737292, -18.6447574
66.0452677, -17.3417086
65.687871, -18.1020849
65.68453989999999, -18.0905629
65.6874954, -18.1024432
65.6775803, -18.1190829
65.6803596, -18.0912107
65.68204, -18.090896
65.66948529999999, -18.1090191
65.6545123, -18.0756804
65.64173029999999, -16.9111133
65.6424677, -16.9072274
65.6412347, -16.9110474
65.602817, -16.9284038
65.56731429999999, -17.0387197
65.6203221, -16.9210053
65.64130279999999, -16.9110536
65.5253364, -13.8092828
65.2615185, -14.406267
65.2621717, -14.4026115
65.2599907, -14.407368
65.2617131, -14.4046591
65.2632399, -14.4051534
65.2614766, -14.4059746
65.26088229999999, -14.0023622
64.8951945, -23.707285
64.9252861, -23.2604407
64.963056, -22.9711109
64.8496447, -22.7413537
65.0738926, -22.7292048
64.84969199999999, -22.7394751
65.109692, -21.762515
64.54323839999999, -21.9110262
64.32148169999999, -22.0559692
64.3195667, -22.0769881
64.0393227, -22.7059675
64.0007478, -22.5509154
63.99807349999999, -22.5493912
64.001272, -22.5511329
63.9998101, -22.5503654
64.0012234, -22.5465312
63.9966199, -22.6231802
64.0033014, -22.5552385
63.99379099999999, -22.5507423
63.99281019999999, -22.5487676
63.98704170000001, -22.5504887
63.96281959999999, -22.5838714
63.9956116, -22.5758318
63.993507, -22.546691
64.003351, -22.554428
63.9726946, -22.5442403
63.983729, -22.5509469
64.1495418, -21.9464713
64.1416678, -21.9620626
64.1464868, -21.928876
64.1455951, -21.9342089
64.1465716, -21.9330505
64.1482224, -21.8837993
64.1456808, -21.8990276
64.14303869999999, -21.9149757
64.139771, -21.9157301
64.1399047, -21.8845645
64.1312574, -21.9182897
64.13345149999999, -21.9113378
64.1309452, -21.9010373
64.11176859999999, -21.918293
64.1143063, -21.8972339
64.1287027, -21.8648939
64.1323713, -21.8740578
64.1654518, -21.696953
64.1099163, -21.8584894
64.1088291, -21.8169916
64.1088864, -21.8161894
64.0885256, -21.833436
64.0463319, -21.9850112
64.0523611, -21.9797619
64.0680526, -21.95522
64.27972199999999, -21.0881183
63.9981317, -21.1896192
63.9323569, -21.0002313
63.9305001, -21.0188041
63.9373804, -20.9996602
63.9326848, -21.0164678
63.9372689, -20.9839625
63.9377624, -21.0017967
63.93741529999999, -20.9984788
64.0748491, -20.7643426
64.1192927, -20.494521
64.1120304, -20.5022776
64.1310787, -20.3212607
64.1788689, -20.4438948
64.16436, -20.4653049
64.1140454, -20.4884266
64.2511767, -20.5009331
63.9383023, -20.9732398
63.9796615, -22.5467161
63.8449911, -22.434455
63.87942950000001, -20.5005061
63.8348686, -20.4015899
63.5290291, -19.501981
63.4177926, -19.0130461
63.42209070000001, -19.0072515
63.4911891, -19.282229
63.46124990000001, -19.2697272
63.909519, -16.707199
63.9790769, -16.8531346
64.0739632, -16.2196827
63.9077057, -16.7092804
64.01861099999999, -16.3849999
63.98015739999999, -16.8506501
65.0321198, -14.2193056
65.0742645, -14.0174276
64.2527373, -15.2034141
64.2507027, -15.2075104
64.2524888, -15.2120787
64.251211, -15.209099
64.3139717, -15.223904
64.2547858, -15.8793651
63.7903201, -18.0529605
63.64370630000001, -18.5066629
